image_width: 2592
image_height: 1944
distortion_model: pinhole
camera_name: raspicam
camera_matrix:
  rows: 3
  cols: 3
  data: [1.34689524e+03, 0., 1.30767920e+03, 0., 1.35094361e+03,  9.60238450e+02, 0.0e+00, 0.0e+00, 1.0]
distortion_coefficients:
  rows: 1
  cols: 8
  data: [1.11718277e+00, 4.70912345e-01, -2.16258281e-04, 1.71516924e-04, 2.32202095e-02, 1.46837794e+00, 7.92173021e-01, 1.19647684e-01]
rectification_matrix:
  rows: 3
  cols: 3
  data: [1, 0, 0, 0, 1, 0, 0, 0, 1]
projection_matrix:
  rows: 3
  cols: 4
  data: [1.34689524e+03, 0., 1.30767920e+03, 0., 0., 1.35094361e+03, 9.60238450e+02, 0., 0., 0., 1., 0.]
